4290
3413
3610
3406
4966
1020
3905
3879
3447
1018
3714
3460
3626
3917
1021
3639
1022
3978
1236
4483
3438
3800
3842
3428
1203
4980
3618
3705
3422
3431
1209
3603
3631
4015
3791
3621
5012
4886
1212
3662
3646
3434
3673
1021
3664
3750
3428
4652
1016
3447
3457
3113
3256
1284
3275
3314
428
3717
3649
3271
3306
3518
3327
3197
3235
3252
3531
3227
3227
427
3395
3328
3224
3301
3349
458
3407
3347
1358
3322
3327
2992
3406
474
3318
3308
457
3310
3328
3232
3437
460
3329
3306
3424
3260
339
3112
3150
3081
3247
297
422
361
319
320
319
300
257
343
280
318
381
274
327
297
298
303
419
283
221
298
219
224
317
283
277
283
351
248
365
308
265
201
219
279
241
281
219
219
182
461
401
217
296
205
306
193
319
307
272
343
307
250
261
180
200
160
422
276
182
200
326
309
165
179
162
218
159
141
208
207
214
190
141
378
262
238
240
179
407
176
217
220
405
156
159
142
178
163
137
202
178
181
451
209
180
159
160
318
