5301
1018
3413
3432
1212
3562
3435
3711
3870
1221
3491
3897
3655
1211
3712
1212
3457
1206
3780
3436
3683
1019
3769
3832
1212
3632
3975
3433
2213
3717
3444
3607
5016
1209
3801
3780
3443
1199
3566
1251
3626
3435
3477
3430
3395
1236
3852
3448
3731
1195
3617
1015
3475
3177
335
3147
1245
3243
1221
3287
466
3291
3838
3627
3297
3313
469
3210
3942
3117
3191
3712
1223
3159
384
3211
3463
3186
3261
402
3282
3294
3386
3342
3348
1225
3341
3388
448
3210
3322
3404
3484
474
3213
462
3230
3285
3242
3309
4255
458
408
312
404
315
403
409
410
257
1081
300
1237
300
405
311
307
308
408
308
306
307
263
1079
399
306
309
306
308
192
319
202
311
411
1262
295
286
307
208
199
200
315
309
196
199
182
347
191
314
308
307
250
201
220
352
188
178
181
201
221
219
220
300
199
159
179
162
201
141
179
199
200
219
181
159
281
239
262
178
145
339
179
197
240
306
395
161
158
141
156
144
160
237
182
439
199
186
174
221
198
