2028
390
284
1019
1204
1014
1194
48
1193
52
363
1223
60
2254
284
1215
423
1262
1213
53
2239
307
1202
1013
1218
1235
2217
283
1225
2203
49
1202
2228
366
51
1192
50
1018
44
1230
1234
375
1214
394
1225
1212
1231
2226
312
46
2230
49
1206
1021
305
47
1181
48
1224
1207
45
408
1229
1228
2250
392
1234
389
46
1236
1236
39
323
1223
51
386
61
1217
2213
56
1204
1018
1241
48
1195
2220
269
48
2214
42
1236
338
1207
1212
1197
43
1220
1252
1018
1337
321
39
41
33
38
40
35
42
56
86
38
34
1017
91
38
39
39
36
39
47
30
44
47
43
39
1013
90
83
42
39
1016
83
40
42
40
34
31
32
36
41
42
35
44
36
41
32
43
32
42
39
32
40
36
35
38
32
41
41
36
40
39
33
45
38
38
37
39
40
41
36
36
41
42
40
41
33
49
41
38
38
41
34
32
1046
60
98
35
1046
93
36
41
39
36
35
1024
100
33
35
36
39
